"","V1","V2","V3","V4","V5","V6","V7"
"1",0.0101191296088459,0.0383245461778081,0.173261970144885,0.312399385023901,0.272431546327718,0.15544910006101,0.0380143226558313
"2",0.0148170298898604,0.0522345927109709,0.183515156172141,0.285266270027213,0.247525388079616,0.162327646613533,0.0543139165066653
"3",0.00836353553457597,0.0362846863682873,0.167795745275179,0.30904476927414,0.279017831082705,0.161171474008316,0.0383219584567963
"4",0.00749174816090777,0.0244696344201152,0.145767775139957,0.326853459224359,0.305894173117645,0.160440095594486,0.0290831143425308
"5",0.0133605094180078,0.0650619018618033,0.236231671649531,0.327560957724141,0.231961628665513,0.107192652743462,0.018630677937542
"6",0.011077818433002,0.0541981957434508,0.222757096839758,0.337700839718313,0.245767395025826,0.110605366928389,0.0178932873112614
"7",0.00718940957924129,0.0220613006429685,0.128644127054831,0.302719831439775,0.31393504073464,0.186598193796591,0.0388520967519531
"8",0.0107886639470424,0.0439363861669789,0.175676575012191,0.293665520949363,0.257312369257868,0.164021285815469,0.054599198851088
"9",0.0104864893076262,0.0573649026691517,0.231075546839361,0.338021740318616,0.239192351994371,0.106197980957302,0.0176609879135721
"10",0.0193824953567202,0.10875026633648,0.269764194126357,0.283799421839251,0.187978702003644,0.101750602749039,0.0285743175885094
"11",0.016650859285893,0.100999270700405,0.259537591991141,0.28173043625232,0.192589058957192,0.111033384474813,0.0374593983382361
"12",0.00720554671034058,0.018615939030482,0.121215777540532,0.310283596560819,0.32246742153227,0.184291843576119,0.0359198750494371
"13",0.0168640997284455,0.0902838877080436,0.268395413922898,0.313203432948779,0.203154921729793,0.0918457770665447,0.0162524668954956
"14",0.00780394019447765,0.0434228197211677,0.202091068019587,0.34022821214093,0.265958539535558,0.121510952806999,0.0189844675812804
"15",0.011148576199576,0.0384657208355946,0.167058696926061,0.302699142641592,0.272092734069692,0.164447016139681,0.044088113187804
"16",0.00915596915530529,0.0527574538298602,0.211394565506867,0.32014913998408,0.244490809431858,0.129034189243173,0.0330178728488553
"17",0.00862269163327143,0.034110349455095,0.161266676773513,0.305362879124968,0.27666439593387,0.166746125303506,0.0472268817757757
"18",0.00541610521082077,0.0225422093151916,0.138256714937743,0.317629420275737,0.310243339481665,0.171106448838172,0.0348057619406698
"19",0.0115147726552072,0.0809575588484048,0.275283269775929,0.332126778161084,0.205054826604412,0.082465786486933,0.0125970074680292
"20",0.00901217821760923,0.0401950146804501,0.185878720782685,0.32699078138373,0.268978897559157,0.139375350033893,0.0295690573424747
"21",0.0125506300852428,0.0679867878714606,0.240381827298411,0.324705079040686,0.227147103170713,0.106762863076361,0.0204657094571258
"22",0.0107080734600545,0.0338813258817567,0.147361163068528,0.281171264745005,0.273090190564235,0.188191612719993,0.0655963695604284
"23",0.017001430282825,0.0834179284781113,0.260764200534634,0.320095299909681,0.211183256354476,0.0928648197356597,0.0146730647046125
"24",0.00727802929811225,0.0380115829116964,0.183238136703685,0.326627868156244,0.269012567673967,0.141926843005701,0.0339049722505944
"25",0.0244620857211527,0.0975712987484304,0.239784330848786,0.274621424118442,0.201983315478907,0.12313797962966,0.0384395654546223
"26",0.0157275298822716,0.146912313323633,0.344242779681896,0.289653880087296,0.144290392556612,0.051857073322262,0.00731603114602849
"27",0.0125878584074223,0.0738754000219371,0.241688877226794,0.311304263020513,0.219573642090544,0.112921368432911,0.0280485907998782
"28",0.0116221006213135,0.0732309164310641,0.238844257635913,0.30687213825995,0.218646898932924,0.117365816250556,0.0334178718682801
"29",0.00798249031217468,0.0582648788848357,0.229661281484309,0.326962066112317,0.233314834002023,0.115236577325851,0.0285778718784893
"30",0.00766495112062377,0.0578355530298699,0.241767019161268,0.34490711377116,0.232051524412983,0.0984543210154338,0.017319517488662
"31",0.0100239824687076,0.0339355528916104,0.153912914549077,0.29862661695583,0.286448844734144,0.175042013958679,0.0420100744419521
"32",0.00973458829284572,0.0592003280795009,0.221422291661547,0.320386917040517,0.242060604049645,0.121717681009161,0.025477589866784
"33",0.013811447144086,0.0728424417388356,0.241224396940599,0.316404788204237,0.222830809613027,0.10963969948081,0.0232464168784054
"34",0.00988312881263266,0.0648539496283957,0.248578010043105,0.339391633400362,0.226055560946305,0.0955690756283191,0.0156686415408812
"35",0.0112429548276164,0.0730819424915335,0.252477171975031,0.325254332484248,0.218084444715512,0.0999583991727986,0.0199007543332601
"36",0.0071966201127672,0.0629172465679538,0.257480626271897,0.34822620569789,0.221413911495453,0.0882579379070167,0.0145074519470219
"37",0.00916766694483662,0.0855890447711615,0.295071742736278,0.337835815147326,0.19252585191451,0.0700285772318185,0.00978130125406874
"38",0.0106848649782904,0.0718145496932262,0.257546105441526,0.333834402830608,0.217716571569471,0.0926687086331217,0.0157347968537575
"39",0.00467947085041938,0.0173810217820384,0.118901924248436,0.30882949581054,0.324978939454837,0.186386020164906,0.038843127688822
"40",0.00707422300318986,0.0365831890244161,0.174317905558914,0.319702583822181,0.277831822444899,0.150666170013743,0.0338241061326575
"41",0.00664552091199688,0.0329572461843195,0.16967344887333,0.325091148176444,0.279081494356199,0.150159863080252,0.0363912784174589
"42",0.0175826431452047,0.0865077997341542,0.238627224178342,0.287877987535485,0.209591651450294,0.122071411108457,0.0377412828480641
"43",0.00866174105589456,0.0359685590796917,0.164399874325501,0.308050681484966,0.281356369058077,0.163122075895485,0.0384406991003853
"44",0.00637426712514976,0.0250720498724465,0.130090136579103,0.282552085355539,0.292577040922454,0.198500494543527,0.0648339256017805
"45",0.00585009915398905,0.0387677818541604,0.191714278530435,0.337845484281906,0.270920429030142,0.130054274118504,0.0248476530308634
"46",0.0155356758357545,0.154629055632059,0.35142769865526,0.285962069301367,0.138022775248167,0.0479400817623799,0.00648264356501263
"47",0.00911343722638635,0.0842315801040064,0.28343115411498,0.329929647205012,0.1978596961191,0.0807232116669348,0.0147112735635804
"48",0.0105059174856811,0.0690835976017159,0.236923188818193,0.314258203492014,0.223104332602046,0.115413629669059,0.030711130331292
"49",0.00853864939985444,0.0502337085643772,0.215988230361853,0.338323909900249,0.249228060476879,0.115635765362237,0.02205167593455
"50",0.00550572989304551,0.0163269628447506,0.11081361286294,0.300583034245957,0.331260224646099,0.196166556843269,0.0393438786639391
"51",0.00956949231042673,0.0315289775235871,0.140577230382603,0.280549554875273,0.2843657550373,0.193914735094526,0.0594942547762837
"52",0.0105323335256085,0.0738312978024878,0.252249603214745,0.322744637093067,0.216594465406566,0.101716363884206,0.0223312990733187
"53",0.0104332246302375,0.0613820339409172,0.22828955931225,0.324714508390811,0.234596964843828,0.115159464264819,0.0254242446171376
"54",0.00547921089974101,0.0366151685226664,0.189110678286221,0.34296512041031,0.275005211114243,0.128033370891505,0.022791239875313
"55",0.0117126780775376,0.075767331811629,0.253453167809895,0.322492600863235,0.216025093848016,0.100072724256967,0.0204764033327192
"56",0.00793494900965074,0.0546780627258218,0.231027071668936,0.343724710395984,0.239404030943164,0.104470558790859,0.0187606164655846
"57",0.00944211711171173,0.0636543380596489,0.240588268301876,0.335767483942619,0.234035621313489,0.100931202699109,0.0155809685715465
"58",0.0123376490793068,0.0676030402191543,0.217960196867822,0.295506159546933,0.22618688033435,0.134709830845745,0.0456962431066888
"59",0.00966315389226617,0.0774863577942153,0.270430926374466,0.333934465062623,0.208061499525289,0.0856410330604802,0.0147825642906602
"60",0.00967333565543212,0.074908523690987,0.256137573540412,0.323311475041558,0.213662503749749,0.0996458668577315,0.0226607214641301
"61",0.0151813852664188,0.0743870672454062,0.219561196487345,0.289491432047557,0.22749084298435,0.135329138612756,0.0385589373561674
"62",0.0120489281285002,0.0873180571317693,0.281858947669581,0.329742270152662,0.198943351432277,0.0783884382600368,0.011700007225173
"63",0.00776742367776862,0.0711068603727116,0.269771022229948,0.344069566682001,0.21120930714111,0.0826302848941136,0.0134455350023472
"64",0.0173604255152212,0.0906500137825483,0.255696499614658,0.302671099721712,0.206106876659559,0.103888333575126,0.0236267511311758
"65",0.0119561974755297,0.0857598448969004,0.282659227126814,0.333921233866505,0.199618943307242,0.0757853714096659,0.0102991819173424
"66",0.0121272027264233,0.0632616613952402,0.232273476171411,0.330109388671246,0.234716516699312,0.108112865045334,0.0193988892910334
"67",0.00859944062202717,0.0710785160420561,0.254884098048438,0.329151752742719,0.216413110885157,0.0982611846171579,0.0216118970424451
"68",0.0112085307249395,0.0728785735010219,0.226198506554716,0.295277948773238,0.224296307236675,0.130025725733591,0.040114407475818
"69",0.0198855485669267,0.0990256221898213,0.228024345270151,0.254148364345654,0.192736640267469,0.136977493307285,0.0692019860526931
"70",0.0131946491574552,0.0708448350728623,0.242132510518365,0.324917385095742,0.225375009120429,0.104230976843192,0.0193046341919546
"71",0.00823448339697859,0.0786651900246707,0.26649357541337,0.323214810635052,0.205750666302878,0.0945091623794189,0.0231321118476308
"72",0.0099209100322017,0.0469934789822014,0.19401896101559,0.322810966642792,0.264939491755762,0.135500796898824,0.0258153946726281
"73",0.0069617056069607,0.0515593068432189,0.219990834522217,0.338930034334285,0.249281373412431,0.112961847690972,0.0203148975899151
"74",0.0133003062026892,0.15270345299493,0.360576647108215,0.291938484344125,0.134220980597248,0.0423455375494065,0.0049145912033857
"75",0.00593593868115216,0.0340811808166123,0.162164776186692,0.304808594242865,0.276310933507628,0.166307952933427,0.0503906236316247
"76",0.00987999980861917,0.0562659418442743,0.215715670420418,0.322498726917962,0.242194450369181,0.12387208580144,0.0295731248381055
"77",0.0113884542254417,0.104659140364607,0.302457738853808,0.316160443559494,0.180132756865502,0.0723159943216845,0.012885471809462
"78",0.00855536734635198,0.0731430323780759,0.268482094015725,0.341068395784389,0.211190143796513,0.0838561222475383,0.0137048444314061
"79",0.00499850002063269,0.0189042370510335,0.131299356929905,0.332532395313611,0.320278034093737,0.16272684029469,0.0292606362963911
"80",0.00555200923839373,0.027575960812975,0.162099049268109,0.341449773449785,0.293546947399782,0.142717485049939,0.0270587747810155
"81",0.0161942249398473,0.0692700690561561,0.225854046447187,0.312666454991072,0.232080539576651,0.118894287524647,0.0250403774644399
"82",0.0140331260550863,0.0589730847802321,0.193791884501333,0.290252700360407,0.246831739817221,0.152558903352696,0.0435585611330256
"83",0.0121373023765334,0.0789005368857096,0.245306208920558,0.307572649807055,0.214015084047787,0.111597770729922,0.0304704472324349
"84",0.00555875291634673,0.0222053699552117,0.131034653400478,0.307556467885143,0.310565286675975,0.181377086080395,0.0417023830864504
"85",0.00967195316538428,0.0721296078030707,0.244829640382557,0.31791387854738,0.218449565409089,0.108706796825921,0.0282985578665972
"86",0.0093039554551652,0.0768509117634498,0.25748286487245,0.321315875013745,0.211245182330276,0.0996464092245784,0.0241548013403357
"87",0.00874949359150566,0.0450592005919069,0.18885029272562,0.319017940645702,0.265917008329937,0.141530643568576,0.0308754205467525
"88",0.00871127248918454,0.0648162045970012,0.239378182069967,0.328333165425876,0.226674047891111,0.107391119835872,0.0246960076909877
"89",0.0081600692737945,0.0459802502933598,0.186620214944527,0.308946699622615,0.260721000342669,0.149135969823652,0.0404357956993823
"90",0.00541408493805581,0.0213821467306736,0.128290363912913,0.306694225958363,0.312751540980298,0.183282110151164,0.0421855273285325
"91",0.00753673609814133,0.0453543198883842,0.20080177887201,0.332593697036672,0.257001756985661,0.127746481955822,0.0289652291633097
"92",0.0166284795163356,0.106758701294117,0.261269367349593,0.280269980587628,0.189286047020683,0.108339904714603,0.03744751951704
"93",0.00821182130854999,0.0916844942042078,0.295068618867736,0.327052141551299,0.188147938063496,0.0752767745164942,0.014558211488217
"94",0.0138236668141662,0.0560863048543711,0.20636897557728,0.318937561210551,0.249546954750116,0.128716926392811,0.0265196104007042
"95",0.00886878290638826,0.0335134596866152,0.167733317825306,0.331403424440602,0.286858338654134,0.144982750916914,0.026639925570042
"96",0.011308777311586,0.0830941856455121,0.270392017887927,0.327947900011838,0.205646185993968,0.0864583548813632,0.0151525782678053
"97",0.00811686906116709,0.0419388201413305,0.190627847458183,0.331936399641718,0.2656745108806,0.133231683861314,0.0284738689556874
"98",0.0084450838035052,0.0556935739650367,0.217683387572753,0.325080433232158,0.240596230571374,0.12185644897866,0.0306448418765126
"99",0.0131941088896343,0.0973247878502323,0.275455673777123,0.308187513727204,0.194331924516471,0.0908080417467643,0.0206979494925711
"100",0.00772596016475775,0.0398310161487424,0.177541526158405,0.318111414453201,0.273953250121765,0.148886070360287,0.0339507625928409
"101",0.00825293221572707,0.0577063466050335,0.231680075482202,0.339437176487012,0.236718208625666,0.105786661697866,0.0204185988864932
"102",0.00731143264138832,0.0620801767783974,0.249757923218618,0.347214977127003,0.225707225521598,0.0920711653975745,0.0158570993154203
"103",0.0083395429743215,0.0523836391343559,0.210491460541497,0.32528967095926,0.246039933417516,0.125897122999976,0.0315586299730739
"104",0.00924771266215127,0.0744660588695164,0.26315001651067,0.335715914215658,0.212917993402831,0.0886862682567961,0.0158160360823766
"105",0.00669925482417052,0.036143997108748,0.185261076659656,0.34581832171688,0.275660595883064,0.127568821043809,0.0228479327636725
"106",0.0128731535395816,0.0820730992794394,0.256230493055049,0.317774968308559,0.211461174770613,0.0988460893312105,0.0207410217155468
"107",0.00895852328957915,0.0708835595515926,0.257163010181349,0.337216718497459,0.217550216271087,0.0916397155463468,0.0165882566625859
"108",0.00688286856375466,0.0900691649489846,0.30343898467162,0.335072650173536,0.184598792427782,0.0681369802062336,0.0118005590080889
"109",0.00603539324469414,0.0521731450668211,0.23095292267024,0.349822147922366,0.23943965042947,0.102083457152384,0.0194932835140247
"110",0.00942884707946454,0.10067937082173,0.295131434260619,0.314555796286785,0.183468372202522,0.0788946472939359,0.0178415320549437
"111",0.0128356972717931,0.0886077767783316,0.266715441735028,0.316231943964532,0.20347381397266,0.0928650827496403,0.0192702435280146
"112",0.00553458053789678,0.0219507601219415,0.130444018401386,0.307211307519436,0.303889371920012,0.181391843161604,0.0495781183377242
"113",0.00914294687385827,0.109735410470832,0.321595518218322,0.321258196344727,0.168617157292973,0.0602563683980849,0.0093944024012025
"114",0.0043846892004625,0.02864602785186,0.167053098508465,0.344354614454207,0.293006385443615,0.137859513958353,0.0246956705830375
"115",0.00510549201993159,0.0258038787277501,0.145580807493559,0.318002871453354,0.300408410070651,0.166567509129219,0.0385310311055346
"116",0.012111334393089,0.10227757192327,0.297858295831591,0.32073108314903,0.183975096402867,0.0716324261922267,0.0114141921079256
"117",0.00960078925050446,0.0700655847806405,0.244810267764035,0.326152187152098,0.221885388461909,0.10411462511493,0.0233711574758821
"118",0.0122937428629213,0.116077687895904,0.308723702519547,0.307763700602973,0.172194985142202,0.0698571633465307,0.0130890176299229
"119",0.0115613142694558,0.0871599682771025,0.260215359486778,0.309535216021374,0.204227640755778,0.100906025503407,0.026394475686105
"120",0.0107408945150075,0.0635944031519432,0.223804127112383,0.317955566117385,0.233577113394978,0.12023235913438,0.030095536573922
"121",0.00708230159238949,0.0654873798852899,0.260802398976639,0.351760217882919,0.218696983934472,0.0833441024348857,0.0128266152934051
"122",0.00578629968665823,0.0216383701783273,0.118361038884219,0.280107351737036,0.302141712248272,0.205768114873802,0.0661971123916847
"123",0.0149277509351469,0.108384525511677,0.270010373121061,0.287294624469266,0.187086569335888,0.100434563277428,0.0318615933495321
"124",0.00583313885638519,0.0445998078874277,0.212161736727486,0.351229476084382,0.254118351966117,0.111068712463471,0.0209887760147312
"125",0.00774401500496107,0.0646609186535322,0.245032195678205,0.33666548821707,0.225062939922475,0.0998947630601406,0.0209396794636162
"126",0.0074848355458551,0.0508858088489596,0.209253233773617,0.327781756357354,0.247137146022639,0.125385321081325,0.0320718983702508
"127",0.00573479610537472,0.0441491843616136,0.211273039707035,0.351514142316987,0.254779399163675,0.111407717181022,0.0211417211642934
"128",0.011031643983191,0.100454521197877,0.294477730538676,0.319675796945094,0.185666375609664,0.0750975009696233,0.0135964307558753
"129",0.00851091310750789,0.0676972277170516,0.252258103601296,0.340369135909477,0.22167765842573,0.092861032021858,0.0166259292170794
"130",0.00510589059313053,0.0319901806802078,0.168971967435691,0.332995740713332,0.286289897881965,0.144473369666267,0.0301729530294058
"131",0.0119944856290275,0.0903715699411635,0.283981082375693,0.33112662575682,0.196620914422217,0.0751519758822325,0.0107533459928463
"132",0.00709834470371967,0.0628610174230548,0.243168253831943,0.337747002359575,0.226259991815508,0.100878009443582,0.0219873804226172
"133",0.0088491657620411,0.0528077810411864,0.207599180632828,0.326463266586153,0.253927128174055,0.125355482283507,0.0249979955202303
"134",0.0113653301720245,0.0729801807864178,0.230628162805341,0.304521510513384,0.221178617879438,0.121741061353776,0.0375851364896188
"135",0.010701883663985,0.0672077768146635,0.227898166856311,0.314728736477466,0.228562595213901,0.119115467565087,0.031785373408587
"136",0.0157928799867502,0.0838387538947409,0.245194759296212,0.30770137786191,0.214463694311638,0.108125379067271,0.0248831555814779
"137",0.00929731109916489,0.0744404815402991,0.247277991753222,0.318657821952211,0.216095476086957,0.106198517176572,0.0280324003915732
"138",0.00809880085164561,0.0557353772978104,0.23652460823103,0.355967181155611,0.238349695208122,0.092575057005152,0.0127492802506282
"139",0.00687699611614598,0.0395748501486597,0.184722916623213,0.330782448518075,0.268014823979589,0.137361989644585,0.0326659749697318
"140",0.00743289365368879,0.0726039710279377,0.257899034973507,0.334149532163593,0.218431024216231,0.0926387670825849,0.0168447768824581
"141",0.00480042089955736,0.0485600885153251,0.223130792366065,0.351091560052836,0.248354217618281,0.105161808987485,0.0189011115604508
"142",0.00755947510491945,0.0662632263295675,0.245840278052556,0.333856106042429,0.222908107252007,0.100838668020853,0.0227341391976678
"143",0.00511265017949584,0.0392562349413107,0.204832908434962,0.36177895528111,0.262957347133528,0.10832730210217,0.0177346019274219
"144",0.00427374635646184,0.0402300912155163,0.205099695558502,0.355030194240186,0.263466022593633,0.112325774121438,0.0195744759142641
"145",0.00813205326832922,0.0727465148659577,0.26002584950318,0.336535945999293,0.214297466604882,0.0905799441267736,0.0176822256315843
"146",0.00647735165839151,0.054719139837671,0.22414120505164,0.335420795999694,0.238273027985088,0.113177669091247,0.0277908103762695
"147",0.00596170143841042,0.0460959751533321,0.210391282566907,0.344472618407413,0.252439660573431,0.115828741194891,0.0248100206656145
"148",0.00877319480287563,0.0683219451557839,0.243725387604908,0.329788029722108,0.223344044456271,0.103044687523455,0.0230027107345984
"149",0.00648167813161091,0.0601338225067964,0.239360520431355,0.339989781274731,0.229138575583793,0.102140169238354,0.0227554528333585
"150",0.00792775313329535,0.0799548291720029,0.283084972629888,0.344468413120661,0.200522463625503,0.0732241526619044,0.0108174156567448
"151",0.00521614502314048,0.0269090754379376,0.147313584431542,0.31830779502699,0.298546531302088,0.165105075117066,0.0386017936612357
"152",0.00575009509843406,0.033168884997955,0.173596569942735,0.341597793835517,0.287501993960317,0.135299018613709,0.0230856435513332
"153",0.00768766545619225,0.0596135416832284,0.219255143701595,0.319781966135748,0.239888133970116,0.122939490645129,0.030834058407991
"154",0.00781591301020652,0.0699591765296297,0.246107903742392,0.325671065611057,0.219022228342328,0.104386349295216,0.027037363469171
"155",0.00571569730446865,0.0524049072237844,0.23298807183714,0.35467805239827,0.238685644267781,0.0978755123313532,0.0176521146372028
"156",0.00799509438115967,0.0522612057946527,0.199723967862255,0.313932867014324,0.251961523465399,0.137582879625706,0.036542461856504
"157",0.00765152766988092,0.0716802449618369,0.262566561829082,0.341875013363838,0.213994817686488,0.0866103616679263,0.0156214728209474
"158",0.00589249579076583,0.0448311229563152,0.204187350808705,0.342917368373154,0.261361047281886,0.118905481906388,0.0219051328827856
"159",0.00710763669771182,0.0917941545426814,0.292529343854759,0.326128210280731,0.187977398471699,0.0772302294227021,0.0172330267297154
"160",0.00692983525847995,0.0475062626365219,0.202894401774022,0.331110521834611,0.252817986411772,0.126939106101181,0.0318018859834111
"161",0.00546968332290879,0.0625520808231634,0.263411904487219,0.360307497070466,0.217619762855779,0.0787120545692546,0.0119270168712086
"162",0.00844111383233011,0.0562233138212706,0.222670305920157,0.337064683992418,0.241748452079606,0.111259498644496,0.0225926317097219
"163",0.00404497085557253,0.0313812937007461,0.175800019948805,0.347638354817228,0.284954501940067,0.131435420661746,0.0247454380758357
"164",0.01310155239135,0.116761874433926,0.283858530632871,0.288450209904275,0.17815886271749,0.0909790478378265,0.0286899220822616
"165",0.00681103724521228,0.0633378968597798,0.257329933658417,0.356716681779182,0.221800127546061,0.0821281137702939,0.0118762091410538
"166",0.00676341536290379,0.0651186667035913,0.24291945885977,0.332170617971637,0.223182391761089,0.103699458268554,0.0261459910724543
"167",0.00637059118159455,0.0513491722931014,0.233862019656311,0.364076548107776,0.241355834917227,0.0905667224049084,0.0124191114390821
"168",0.00888782619439391,0.046086631809388,0.183897551861908,0.309699455594609,0.257609843706107,0.148722412627362,0.045096278206232
"169",0.00761901473168176,0.0764487105996228,0.258782358639258,0.325709829901683,0.210020371713367,0.0967527091049025,0.0246670053094854
"170",0.00686901723436512,0.0418002176689844,0.180070807739691,0.313343809202047,0.26059186691435,0.149364036026475,0.0479602452140872
"171",0.00969562058468461,0.066887725844763,0.226539685861211,0.313965884683334,0.227880806594645,0.120253624636641,0.0347766517947215
"172",0.00587590358682943,0.0668705497024935,0.255194529764627,0.342891357431799,0.222056207325464,0.090794535723016,0.0163169164657702
"173",0.00497035796556907,0.0322548734928756,0.160700732948541,0.315843615936105,0.282271795927271,0.159435207580154,0.0445234161494852
"174",0.00414215747603713,0.0219152107262474,0.13668315045794,0.321924794284051,0.303139141939193,0.167700011322903,0.0444955337936275
"175",0.00582398171210757,0.0314925765491703,0.151250148917756,0.303194205922053,0.284205142186496,0.172209721316152,0.0518242233962656
"176",0.0067904830708603,0.0608842930470705,0.237266811443187,0.338374606090036,0.229849774627269,0.103514576952681,0.0233194547688956
"177",0.00365510148089081,0.0457850313723794,0.224075154932793,0.359535219746483,0.248320320554498,0.100536554982583,0.0180926169303733
"178",0.00411954902088967,0.0331046807594959,0.181368824379803,0.350658635254827,0.281291283501218,0.126511861781512,0.0229451653022538
"179",0.00763194711771502,0.0439341609051244,0.169892707418391,0.290131857116413,0.259230407875779,0.167442519697263,0.0617363998693143
"180",0.0102232506617716,0.0838092582441672,0.271382524009453,0.332029666136011,0.204770525495162,0.0833468276831083,0.0144379477703263
"181",0.00352674957808919,0.0118473589279446,0.0916230313082515,0.28933221973754,0.342285302813335,0.211517340281009,0.0498679973538305
"182",0.00401552102134509,0.0296262683365266,0.165293989061926,0.33747776314565,0.289107413204355,0.143305400193998,0.0311736450361994
"183",0.00752159997468489,0.075885031701456,0.280098211305576,0.352579880429341,0.204039045847767,0.0706611991510847,0.00921503159009011
"184",0.00867603064923214,0.0954939500248909,0.280065739843392,0.31295582457379,0.190775258463068,0.0880362569091668,0.0239969395364609
"185",0.00623213759972879,0.0797413633114904,0.285453522003094,0.344281916741326,0.197767784998383,0.0736421425064073,0.0128811328395703
"186",0.00410682853278576,0.0252099829561163,0.153867518966472,0.343498575293432,0.304128600403402,0.143860627802315,0.0253278660454763
"187",0.0180134687884846,0.108522180479898,0.259936937096813,0.285662001138303,0.191995325692732,0.104469054607447,0.031401032196322
"188",0.00797519019482284,0.0545312899762799,0.211383839310002,0.325443297253375,0.243831008344194,0.124255690860565,0.0325796840607611
"189",0.0179347754429722,0.0792848603553651,0.195368832369725,0.251317131879016,0.209172328744184,0.158693449925388,0.0882286212833504
"190",0.00628695124501266,0.0388594767616027,0.174026465736231,0.317723636881127,0.273491924934196,0.15053147982997,0.0390800646118601
"191",0.00457740924516538,0.0229910279088723,0.128899914528519,0.298708856839536,0.301704706546472,0.186889860151263,0.0562282247801713
"192",0.00635368338750464,0.0308175520650991,0.155670114713481,0.319042788299742,0.286020206071028,0.159710870928592,0.0423847845345532
"193",0.0068752977402884,0.0383672247820477,0.179403266548628,0.33123830867373,0.272217518971636,0.139272511456132,0.0326258718275377
"194",0.00669444491260565,0.0659208907953958,0.263278539497761,0.358386584360503,0.21731893047781,0.0776953014248705,0.0107053085310539
"195",0.00611942572945779,0.0574695937365678,0.216407137015,0.319338426114916,0.239269498621419,0.125098883631587,0.0362970351510534
"196",0.0044104444697826,0.0451241185811659,0.219439439204705,0.35947804234166,0.248538546989612,0.102988112391441,0.0200212960216335
"197",0.00395154081795514,0.0347254379292647,0.182352382889801,0.343663825635721,0.276304396328657,0.130831413616935,0.0281710027816664
"198",0.00637334360315514,0.0495860488373249,0.207040052483758,0.330930844816566,0.248147893177346,0.124511195321565,0.0334106217602842
"199",0.0154850353850411,0.0998554905718941,0.259512139530544,0.297698287225352,0.198303987791842,0.101739489996152,0.0274055694991745
"200",0.00394280992555166,0.0372879766526775,0.190295221274713,0.345533496097427,0.270229437237657,0.125682473550698,0.0270285852612761
"201",0.00438304891969821,0.0252937462542158,0.139961266668896,0.310470409861414,0.297824454727601,0.173452510183797,0.0486145633843772
"202",0.00584490084860109,0.044640713138445,0.196074952517775,0.332999666885767,0.262508144049476,0.129120279759529,0.0288113428004059
"203",0.00666173397443464,0.0541071181348366,0.219912995661886,0.337075120520181,0.241627491434796,0.113690555118612,0.0269249851552544
"204",0.00774540995940976,0.0866342956786578,0.28899499500424,0.339419457815825,0.194000808081449,0.071632280821429,0.0115727526389889
"205",0.00373089898391022,0.0137319122038235,0.100745381325407,0.300432201786286,0.338287926512271,0.198957617893565,0.0441140612947377
"206",0.00635866642291242,0.0427326023559769,0.189947449698472,0.329737211893333,0.261238343946873,0.134560275541304,0.0354254501411294
"207",0.00509137574061302,0.0311452232131385,0.167402546524254,0.338890023363111,0.284397896773197,0.141179142731785,0.0318937916539016
"208",0.00284652825791634,0.0138946177986625,0.104009958386657,0.30199372969558,0.330522129809196,0.195819331270045,0.0509137047819423
"209",0.00814206104496177,0.0745431370367524,0.263810756242921,0.342091408191039,0.212519835418345,0.0843869903395256,0.014505811726456
"210",0.00638045667314642,0.0600834102970536,0.240168817897597,0.346453814911895,0.230122190745548,0.0973499043578465,0.0194414051169124
"211",0.00451878517213003,0.0125447365224667,0.0821659158397846,0.251174420240509,0.320860537763077,0.243254069928377,0.085481534533656
"212",0.00612667156692217,0.0996036596464394,0.324370926348161,0.339471644627617,0.169628571691715,0.0535242090953315,0.00727431702381384
"213",0.00647532687061599,0.085518198727811,0.288293682536918,0.337361193345377,0.193370355722231,0.0745117608819865,0.0144694819150603
"214",0.00559093519818785,0.0547258527155725,0.236593146371956,0.3562560895186,0.235510117817959,0.094459748522731,0.0168641098549938
"215",0.00728670160107952,0.0292891902759254,0.128080138224737,0.267579613236402,0.279796226810331,0.20469527148101,0.0832728583705155
"216",0.00819075717604728,0.0566191370405049,0.20978387770268,0.318712026172781,0.241042873799848,0.12811933193594,0.0375319961721991
"217",0.00469675907316616,0.0662028513906704,0.268943491831423,0.356809053488014,0.211296347192011,0.0780892188541935,0.013962278170522
"218",0.00555165409896025,0.0463037079358061,0.209670505787943,0.349889860819947,0.258558129923927,0.111125510744398,0.0189006306890194
"219",0.00586292387536106,0.0310627007139033,0.152906177455683,0.310738453090943,0.281409993400401,0.165698246671944,0.0523215047917646
"220",0.00337007282421912,0.0203231635133193,0.135257043466559,0.334082846481413,0.316215296623245,0.158964407572738,0.0317871695185062
"221",0.0108930904118186,0.0656213154399925,0.209950247854711,0.299212735710095,0.231003536914721,0.135747216092095,0.047571857576567
"222",0.00456490449073828,0.0591489156202201,0.251115172855266,0.356065794069271,0.223521875249776,0.0881102789217521,0.0174730587929768
"223",0.00770229795173608,0.09303652197934,0.299338624705957,0.337451536193781,0.185967625591312,0.0662236153789249,0.0102797781989491
"224",0.0047776586646991,0.0517800028436349,0.22977613753716,0.353388427629926,0.2384859518415,0.100570235568907,0.0212215859141727
"225",0.00506508655721917,0.0632234808405309,0.260942535185824,0.358867859414015,0.217734643573066,0.0805878927506953,0.013578501678649
"226",0.00659297434751799,0.0845690681237019,0.282322672983137,0.337384302989231,0.200494630932527,0.0761587319249931,0.0124776186988917
"227",0.00893593659987294,0.116589397300865,0.318102445317129,0.315839589360041,0.166935712898962,0.0622283165786367,0.0113686019444942
"228",0.00595229059639532,0.0913274932666872,0.30934887938995,0.343925226448963,0.180519843036116,0.0600069770974394,0.00891929016444927
"229",0.0066224381849914,0.0561426954112055,0.224947530600334,0.340007619124748,0.23873862500852,0.108916270767995,0.024624820902207
"230",0.00567656443256301,0.0400699515751693,0.179428877011338,0.323553195223111,0.27071438841175,0.143721732649799,0.0368352906962697
"231",0.0061414670184681,0.0605936504620554,0.245205580116814,0.352626792583054,0.22808760529726,0.0910630249599856,0.0162818795623631
"232",0.00614378386874304,0.06817183381142,0.261053406721709,0.350360356219727,0.215811455039488,0.0835905089229669,0.0148686554159464
"233",0.0035015698819206,0.0350335989542462,0.183036636979792,0.34296681742524,0.273596025801067,0.130899248262775,0.0309661026949598
"234",0.00394523652457278,0.0235554808481429,0.148824834918924,0.344562818903431,0.303079063993746,0.146044993305932,0.0299875715052515
"235",0.00697978931614308,0.0803791619627291,0.287108621042555,0.3515098299742,0.197747666177153,0.0672223611757885,0.00905257035143124
"236",0.00577692927207271,0.104589436839116,0.32670722450531,0.332910539263577,0.166170681317734,0.0549747281854613,0.00887046061672921
"237",0.00740273667717857,0.0354566151117344,0.168018156509743,0.328935989789306,0.281475518231204,0.145974750381167,0.0327362332996666
"238",0.00524021979872751,0.042903617924134,0.205054064000851,0.354236140469786,0.258723791280085,0.112121845708262,0.0217203208181555
"239",0.00945531608554305,0.0719593047165072,0.234188819748737,0.316557884635552,0.222624896091982,0.113266763841353,0.0319470148803252
"240",0.00541705639726103,0.0185763827846627,0.0976646869879881,0.249023621488425,0.294650300307567,0.23241075156368,0.102257200470416
"241",0.00687584868798269,0.113202275407646,0.327233019744744,0.323295006124271,0.163143784149518,0.0565040127341336,0.00974605315170473
"242",0.00368905631357647,0.0265844844679899,0.156486667049586,0.341437663135182,0.298373349480576,0.144206725428074,0.0292220541250151
"243",0.00496201443108391,0.0417416181257723,0.186169550421051,0.326097679602241,0.264779554581289,0.138602120356979,0.0376474624815855
"244",0.0039745625686903,0.0396052483443801,0.192111577146448,0.341433234116822,0.266070537916523,0.126851313347457,0.0299535265596804
"245",0.0109442429846203,0.0639443730332143,0.204288793104078,0.300411516265451,0.241025892735848,0.138866668546261,0.040518513330527
"246",0.00690366368881855,0.0658257718008477,0.238185263176654,0.334271420043339,0.230736172525865,0.103040723901168,0.0210369848633085
"247",0.0048325116507239,0.0467649010319056,0.219769944157695,0.36044240992536,0.248556091873469,0.101157361327481,0.0184767800333661
"248",0.00315710094090671,0.0334053521382459,0.189791279778932,0.364417049973347,0.276299593424119,0.113632457405568,0.0192971663388807
"249",0.00342980879397341,0.014343495191216,0.104911074253533,0.308710095021495,0.337206372450498,0.190315126766793,0.0410840275224918
"250",0.00435753177121715,0.0401037876670776,0.202578086079633,0.361788529073867,0.266847202419032,0.107783027461925,0.0165418355272474
"251",0.00519117374368493,0.0562555536003659,0.23612055669043,0.351397771086141,0.233141337352628,0.0975323093456099,0.0203612981811412
"252",0.00569963379710909,0.068546019590611,0.275395848207982,0.365558498197938,0.208611864405369,0.067848487448961,0.00833964835202958
"253",0.00587740325927189,0.0286382434345376,0.111180053805111,0.220994525163375,0.242652203659978,0.221499038412958,0.169158532264769
"254",0.0049154023101424,0.0729563854270581,0.278665159926766,0.353652610378993,0.203203091495929,0.0735961102989523,0.013011240162159
"255",0.00885405818705694,0.0758989983041773,0.252350481603143,0.330747647164875,0.215957013683944,0.0955410204802556,0.0206507805765477
"256",0.00708690875436967,0.081140705388759,0.252549740452523,0.311601827868611,0.205318862873341,0.105078061096324,0.0372238935660732
"257",0.00612166840187396,0.0786325768386323,0.281091283915854,0.348037995073722,0.200544999264705,0.0732285180308147,0.0123429584743983
"258",0.0050648888108521,0.0687897536205927,0.26975641240308,0.356054688656542,0.210135229234586,0.0769109682711151,0.0132880590032314
"259",0.00990299569066171,0.112410984401123,0.293702616504911,0.306062831506585,0.178189980084034,0.0792354915204866,0.0204951002921991
"260",0.00619015703476016,0.0642361837319683,0.252999608327237,0.35443827330444,0.222493346911461,0.0853189666777952,0.0143234640123386
"261",0.00819055990602872,0.0954136021776278,0.271740122301235,0.30872099843195,0.192442357311681,0.0935551408969034,0.0299372189745737
"262",0.00588395606092782,0.0771328799920461,0.285399277888692,0.355530494820073,0.199188353016034,0.0673207970480567,0.00954424117417096
"263",0.0052702284716808,0.0485804308533653,0.214575997933335,0.348358925171469,0.24825569842152,0.110504844581947,0.024453874566682
"264",0.00377802780430576,0.0225965742931945,0.135019770930405,0.320292188840726,0.307971804937327,0.168693252994297,0.0416483801997445
"265",0.00294753913640202,0.0236882282722934,0.15108951146729,0.346269039365817,0.303785579189312,0.143351129108055,0.0288689734608301
"266",0.00536473161122614,0.0536465495157303,0.214543305737616,0.329118550784938,0.238848884869982,0.120680666166721,0.0377973113137871
"267",0.00494181959689209,0.0721736529662551,0.274004157035974,0.351811177018093,0.205733199919333,0.076836557893549,0.0144994355699043
"268",0.00813224961164508,0.0639327607458453,0.225401489338941,0.327859693196559,0.23803932045518,0.112655881715589,0.0239786049362396
"269",0.0068046248741518,0.0777461875584505,0.254747838058835,0.322912146795226,0.209179427744514,0.0992700974427188,0.0293396775261046
"270",0.00686768429901567,0.0811220018973513,0.270280400835528,0.334241679164197,0.203630705557557,0.0849687218975862,0.0188888063487652
"271",0.00531178389660846,0.0421851523020092,0.189523127449468,0.332043908999652,0.260207025369167,0.133052584969161,0.0376764170139342
"272",0.00848261480783855,0.0866929585366769,0.277859768064209,0.335808301775719,0.199538072690235,0.0778308190583761,0.0137874650669455
"273",0.00489423499174532,0.0830431272324863,0.294198823784836,0.34664687677651,0.190376942657632,0.068162961475782,0.012677033081008
"274",0.00473872292374954,0.0239730570687774,0.126572178134658,0.292724088249536,0.29858449629805,0.190710513094215,0.0626969442310147
"275",0.0042643015814809,0.047894063445218,0.22534972486557,0.363521359281481,0.244016778438342,0.0968868121785666,0.0180669602093411
"276",0.00420164512514086,0.0426982611977587,0.211485541303044,0.363407199453457,0.254834172085766,0.103891282225016,0.019481898609818
"277",0.00546161725621652,0.0442445587445146,0.216144929537367,0.371869447980541,0.255403706981908,0.0943383615801973,0.0125373779192551
"278",0.00587773980974136,0.0607144998983916,0.246692065081577,0.35728487109938,0.227536509704099,0.0872846108707165,0.0146097035360937
"279",0.0041730953921572,0.0363220138438265,0.179557251860991,0.338448966504666,0.275459718118414,0.134589162749517,0.0314497915304283
"280",0.00474125245035691,0.043026653317984,0.218046324417479,0.376692672564282,0.254292445608833,0.0912364463759744,0.0119642052650909
"281",0.00517758216971493,0.0474815763394752,0.214492187667152,0.356852605822588,0.255895864921528,0.103808823713463,0.0162913593660794
"282",0.0075757784149347,0.0507841440270891,0.193458611287306,0.318133023233607,0.257363133238429,0.137292566507138,0.0353927432914959
"283",0.00733208100898194,0.0728461399504204,0.241449104022365,0.321068570905327,0.217528108770161,0.107376570853953,0.0323994244887919
"284",0.00621423394169338,0.105859909696386,0.313723937769058,0.325908520425496,0.171756672997686,0.0635240384615909,0.0130126867080891
"285",0.00496008694569826,0.0573320046510502,0.254050109756463,0.373902232558802,0.225359953025516,0.0749498578782257,0.00944575518424529
"286",0.00359838209434257,0.0198774647823417,0.133448381360768,0.338545015105682,0.314826226397634,0.156523275620811,0.0331812546384209
"287",0.00423974760536959,0.063702194775144,0.26910196686474,0.367818209581621,0.212375119569281,0.0719080861138772,0.010854675489967
"288",0.00693177384234533,0.0697583826232771,0.246630196956827,0.335629453442549,0.220330861375995,0.0977296954507705,0.0229896363082365
"289",0.00492506844589103,0.0647963587343811,0.250115398614567,0.34505572310267,0.219707319114834,0.0930603570314553,0.0223397749562017
"290",0.00383103006568077,0.0119692918352018,0.0817474217299021,0.259358531423456,0.327561174405174,0.236517067352119,0.0790154831884663
"291",0.00675038781504934,0.0737669648606825,0.264031154599531,0.346542369813149,0.211845776221252,0.0822737562047696,0.0147895904855666
"292",0.00342368163006272,0.0151934877179164,0.102253851190829,0.292232655154654,0.325946897292847,0.203212961177037,0.057736465836654
"293",0.00368624987665837,0.0456503173604792,0.219465476550895,0.361003005034668,0.246380997738935,0.101876123808993,0.0219378296293709
